# zone void0 void1
0 0 0
1 1 1
2 2 2
3 3 3
4 4 4
5 5 5
6 6 6
7 7 7
8 8 8
9 9 9
10 10 10
11 11 11
12 12 12
13 13 13
14 14 14
15 15 15
16 16 16
17 17 17
18 18 18
19 19 19
20 20 20
21 21 21
22 22 22
23 23 23
24 24 24
25 25 25
26 26 26
27 27 27
28 28 28
29 29 29
30 30 30
31 31 31
32 32 32
33 33 33
34 34 34
35 35 35
36 36 36
37 37 37
38 38 38
39 39 39
40 40 40
41 41 41
42 42 42
43 43 43
44 44 44
45 45 45
46 46 46
47 47 47
48 48 48
49 49 49
50 50 50
51 51 51
52 52 52
53 53 53
54 54 54
55 55 55
56 56 56
57 57 57
58 58 58
59 59 59
60 60 60
61 61 61
62 62 62
63 63 63
64 64 64
65 65 65
66 66 66
67 67 67
68 68 68
69 69 69
70 70 70
71 71 71
72 72 72
73 73 73
74 74 74
75 75 75
76 76 76
77 77 77
78 78 78
79 79 79
80 80 80
81 81 81
82 82 82
83 83 83
84 84 84
85 85 85
86 86 86
87 87 87
88 88 88
89 89 89
90 90 90
91 91 91
92 92 92
93 93 93
94 94 94
95 95 95
96 96 96
97 97 97
98 98 98
99 99 99
100 100 100
101 101 101
102 102 102
103 103 103
104 104 104
105 105 105
106 106 106
107 107 107
108 108 108
109 109 109
110 110 110
111 111 111
112 112 112
113 113 113
114 114 114
115 115 115
116 116 116
117 117 117
118 118 118
119 119 119
120 120 120
121 121 121
122 122 122
123 123 123
124 124 124
125 125 125
126 126 126
127 127 127
128 128 128
129 129 129
130 130 130
131 131 131
132 132 132
133 133 133
134 134 134
135 135 135
136 136 136
137 137 137
138 138 138
139 139 139
140 140 140
141 141 141
142 142 142
143 143 143
144 144 144
145 145 145
146 146 146
147 147 147
148 148 148
149 149 149
150 150 150
151 151 151
152 152 152
153 153 153
154 154 154
155 155 155
156 156 156
157 157 157
158 -1 -1
159 158 158
160 159 159
161 160 160
162 161 161
163 162 162
164 163 163
165 164 164
166 165 165
167 166 166
168 167 167
169 168 168
170 169 169
171 170 170
172 -1 -1
173 171 171
174 172 172
175 173 173
176 174 174
177 175 175
178 176 176
179 177 177
180 178 178
181 179 179
182 180 180
183 181 181
184 182 182
185 183 183
186 184 184
187 185 185
188 186 186
189 187 187
190 188 188
191 189 189
192 190 190
193 191 191
194 192 192
195 193 193
196 194 194
197 195 195
198 196 196
199 197 197
200 198 198
201 -1 -1
202 199 199
203 200 200
204 201 201
205 202 202
206 203 203
207 204 204
208 205 205
209 206 206
210 207 207
211 208 208
212 209 209
213 210 210
214 211 211
215 212 212
216 213 213
217 214 214
218 215 215
219 216 216
220 217 217
221 218 218
222 219 219
223 220 220
224 221 221
225 222 222
226 -1 -1
227 223 223
228 224 224
229 -1 -1
230 225 225
231 226 226
232 227 227
233 228 228
234 229 229
235 230 230
236 231 231
237 232 232
238 233 233
239 234 234
240 235 235
241 -1 -1
242 236 236
243 237 237
244 238 238
245 239 239
246 240 240
247 241 241
248 242 242
249 243 243
250 244 244
251 245 245
252 246 246
253 247 247
254 248 248
255 249 249
256 -1 -1
257 250 250
258 251 251
259 -1 -1
260 252 252
261 253 253
262 254 254
263 255 255
264 256 256
265 257 257
266 258 258
267 259 259
268 260 260
269 261 261
270 262 262
271 -1 -1
272 263 263
273 264 264
274 265 265
275 266 266
276 267 267
277 268 268
278 269 269
279 270 270
280 271 271
281 272 272
282 273 273
283 274 274
284 275 275
285 -1 -1
286 276 276
287 277 277
288 278 278
289 279 279
290 -1 -1
291 280 280
292 281 281
293 -1 -1
294 282 282
295 283 283
296 -1 -1
297 284 284
298 285 285
299 286 286
300 287 287
301 288 288
302 289 289
303 290 290
304 291 291
305 -1 -1
306 292 292
307 293 293
308 294 294
309 295 295
310 296 296
311 297 297
312 298 298
313 299 299
314 -1 -1
315 300 300
316 301 301
317 302 302
318 303 303
319 304 304
320 305 305
321 306 306
322 307 307
323 308 308
324 309 309
325 310 310
326 -1 -1
327 311 311
328 312 312
329 313 313
330 -1 -1
331 314 314
332 315 315
333 316 316
334 -1 -1
335 317 317
336 318 318
337 319 319
338 320 320
339 321 321
340 322 322
341 323 323
342 324 324
343 325 325
344 326 326
345 -1 -1
346 327 327
347 -1 -1
348 -1 -1
349 328 328
350 329 329
351 330 330
352 331 331
353 332 332
354 333 333
355 334 334
356 335 335
357 336 336
358 337 337
359 338 338
360 339 339
361 340 340
362 341 341
363 -1 -1
364 342 342
365 343 343
366 -1 -1
367 344 344
368 345 345
369 -1 -1
370 346 346
371 347 347
372 348 348
373 349 349
374 350 350
375 351 351
376 352 352
377 353 353
378 354 354
379 355 355
380 356 356
381 357 357
382 358 358
383 -1 -1
384 359 359
385 360 360
386 361 361
387 362 362
388 363 363
389 364 364
390 -1 -1
391 365 365
392 366 366
393 -1 -1
394 367 367
395 368 368
396 369 369
397 370 370
398 371 371
399 -1 -1
400 372 372
401 -1 -1
402 373 373
403 374 374
404 375 375
405 376 376
406 377 377
407 378 378
408 379 379
409 380 380
410 381 381
411 382 382
412 383 383
413 384 384
414 385 385
415 386 386
416 387 387
417 388 388
418 -1 -1
419 389 389
420 390 390
421 -1 -1
422 -1 -1
423 -1 -1
424 391 391
425 -1 -1
426 392 392
427 -1 -1
428 -1 -1
429 -1 -1
430 393 393
431 394 394
432 395 395
433 396 396
434 397 397
435 -1 -1
436 398 398
437 399 399
438 400 400
439 401 401
440 -1 -1
441 402 402
442 403 403
443 404 404
444 -1 -1
445 -1 -1
446 -1 -1
447 -1 -1
448 -1 -1
449 -1 -1
450 405 405
451 -1 -1
452 406 406
453 407 407
454 408 408
455 -1 -1
456 -1 -1
457 -1 -1
458 409 409
459 410 410
460 -1 -1
461 411 411
462 412 412
463 -1 -1
464 -1 -1
465 413 413
466 -1 -1
467 414 414
468 -1 -1
469 -1 -1
470 415 415
471 416 416
472 417 417
473 418 418
474 419 419
475 420 420
476 -1 -1
477 421 421
478 -1 -1
479 422 422
480 423 423
481 424 424
482 425 425
483 -1 -1
484 -1 -1
485 426 426
486 427 427
487 -1 -1
488 -1 -1
489 428 428
490 429 429
491 430 430
492 431 431
493 432 432
494 433 433
495 434 434
496 435 435
497 -1 -1
498 436 436
499 437 437
500 -1 -1
501 438 438
502 439 439
503 440 440
504 -1 -1
505 441 441
506 442 442
507 443 443
508 -1 -1
509 -1 -1
510 -1 -1
511 -1 -1
512 444 444
513 -1 -1
514 -1 -1
515 -1 -1
516 -1 -1
517 -1 -1
518 -1 -1
519 445 445
520 -1 -1
521 446 446
522 -1 -1
523 447 447
524 -1 -1
525 448 448
526 449 449
527 -1 -1
528 450 450
529 451 451
530 -1 -1
531 452 452
532 453 453
533 -1 -1
534 -1 -1
535 454 454
536 455 455
537 -1 -1
538 -1 -1
539 456 456
540 457 457
541 -1 -1
542 458 458
543 459 459
544 460 460
545 461 461
546 462 462
547 463 463
548 464 464
549 -1 -1
550 465 465
551 466 466
552 -1 -1
553 467 467
554 -1 -1
555 -1 -1
556 -1 -1
557 468 468
558 469 469
559 -1 -1
560 -1 -1
561 470 470
562 471 471
563 472 472
564 -1 -1
565 473 473
566 474 474
567 475 475
568 476 476
569 -1 -1
570 -1 -1
571 -1 -1
572 -1 -1
573 -1 -1
574 477 477
575 -1 -1
576 478 478
577 -1 -1
578 -1 -1
579 -1 -1
580 479 479
581 480 480
582 481 481
583 -1 -1
584 482 482
585 483 483
586 484 484
587 -1 -1
588 485 485
589 486 486
590 487 487
591 488 488
592 -1 -1
593 -1 -1
594 -1 -1
595 -1 -1
596 -1 -1
597 -1 -1
598 -1 -1
599 -1 -1
600 -1 -1
601 -1 -1
602 -1 -1
603 -1 -1
604 -1 -1
605 -1 -1
606 489 489
607 -1 -1
608 -1 -1
609 -1 -1
610 490 490
611 -1 -1
612 491 491
613 -1 -1
614 -1 -1
615 492 492
616 -1 -1
617 -1 -1
618 -1 -1
619 493 493
620 -1 -1
621 -1 -1
622 494 494
623 -1 -1
624 -1 -1
625 -1 -1
626 495 495
627 -1 -1
628 496 496
629 -1 -1
630 -1 -1
631 -1 -1
632 497 497
633 498 498
634 -1 -1
635 -1 -1
636 499 499
637 -1 -1
638 -1 -1
639 -1 -1
640 -1 -1
641 -1 -1
642 -1 -1
643 500 500
644 -1 -1
645 -1 -1
646 -1 -1
647 -1 -1
648 -1 -1
649 501 501
650 -1 -1
651 -1 -1
652 502 502
653 -1 -1
654 503 503
655 -1 -1
656 -1 -1
657 -1 -1
658 504 504
659 505 505
660 -1 -1
661 -1 -1
662 -1 -1
663 506 506
664 507 507
665 -1 -1
666 -1 -1
667 -1 -1
668 508 508
669 -1 -1
670 -1 -1
671 -1 -1
672 -1 -1
673 -1 -1
674 -1 -1
675 -1 -1
676 509 509
677 -1 -1
678 -1 -1
679 -1 -1
680 -1 -1
681 -1 -1
682 -1 -1
683 -1 -1
684 510 510
685 -1 -1
686 -1 -1
687 -1 -1
688 -1 -1
689 511 511
690 -1 -1
691 -1 -1
692 -1 -1
693 -1 -1
694 -1 -1
695 -1 -1
696 -1 -1
697 -1 -1
698 -1 -1
699 -1 -1
700 -1 -1
701 -1 -1
702 512 512
703 -1 -1
704 -1 -1
705 -1 -1
706 -1 -1
707 -1 -1
708 513 513
709 -1 -1
710 -1 -1
711 -1 -1
712 -1 -1
713 -1 -1
714 -1 -1
715 -1 -1
716 -1 -1
717 -1 -1
718 -1 -1
719 -1 -1
720 -1 -1
721 -1 -1
722 -1 -1
723 -1 -1
724 -1 -1
725 514 514
726 515 515
727 -1 -1
728 516 516
729 -1 -1
730 -1 -1
731 -1 -1
732 -1 -1
733 -1 -1
734 -1 -1
735 -1 -1
736 -1 -1
737 -1 -1
738 -1 -1
739 -1 -1
740 -1 -1
741 -1 -1
742 -1 -1
743 -1 -1
744 -1 -1
745 -1 -1
746 -1 -1
747 517 517
748 -1 -1
749 -1 -1
750 -1 -1
751 -1 -1
752 -1 -1
753 -1 -1
754 -1 -1
755 -1 -1
756 -1 -1
757 -1 -1
758 -1 -1
759 -1 -1
760 -1 -1
761 -1 -1
762 -1 -1
763 -1 -1
764 -1 -1
765 -1 -1
766 -1 -1
767 -1 -1
768 -1 -1
769 -1 -1
770 -1 -1
771 -1 -1
772 -1 -1
773 -1 -1
774 -1 -1
775 -1 -1
776 -1 -1
777 -1 -1
778 -1 -1
779 -1 -1
780 -1 -1
781 -1 -1
782 -1 -1
783 -1 -1
784 -1 -1
785 -1 -1
786 -1 -1
787 -1 -1
788 -1 -1
789 -1 -1
790 -1 -1
791 -1 -1
792 -1 -1
793 -1 -1
794 -1 -1
795 -1 -1
796 -1 -1
797 -1 -1
798 -1 -1
799 -1 -1
800 -1 -1
801 -1 -1
802 -1 -1
803 -1 -1
804 -1 -1
805 -1 -1
806 -1 -1
807 -1 -1
808 -1 -1
809 -1 -1
810 -1 -1
811 -1 -1
812 -1 -1
813 -1 -1
814 -1 -1
815 -1 -1
816 -1 -1
817 -1 -1
818 -1 -1
819 -1 -1
820 -1 -1
821 -1 -1
822 -1 -1
823 -1 -1
824 -1 -1
825 -1 -1
826 -1 -1
827 -1 -1
828 -1 -1
829 -1 -1
830 -1 -1
831 -1 -1
832 -1 -1
833 -1 -1
834 -1 -1
835 -1 -1
836 -1 -1
837 -1 -1
838 -1 -1
839 -1 -1
840 -1 -1
841 -1 -1
842 -1 -1
843 -1 -1
844 -1 -1
845 -1 -1
846 -1 -1
847 -1 -1
848 -1 -1
849 -1 -1
850 -1 -1
851 -1 -1
852 -1 -1
853 -1 -1
854 -1 -1
855 -1 -1
856 -1 -1
857 -1 -1
858 -1 -1
859 -1 -1
860 -1 -1
861 -1 -1
862 -1 -1
863 -1 -1
864 -1 -1
865 -1 -1
866 -1 -1
867 -1 -1
868 -1 -1
869 -1 -1
870 -1 -1
871 -1 -1
872 -1 -1
873 -1 -1
874 -1 -1
875 -1 -1
876 -1 -1
877 -1 -1
878 -1 -1
879 -1 -1
880 -1 -1
881 -1 -1
882 -1 -1
883 -1 -1
884 -1 -1
885 -1 -1
886 -1 -1
887 -1 -1
888 -1 -1
889 -1 -1
890 -1 -1
891 -1 -1
892 -1 -1
893 -1 -1
894 -1 -1
895 -1 -1
896 -1 -1
897 -1 -1
898 -1 -1
899 -1 -1
900 -1 -1
901 -1 -1
902 -1 -1
903 -1 -1
904 -1 -1
905 -1 -1
906 -1 -1
907 -1 -1
908 -1 -1
909 -1 -1
910 -1 -1
911 -1 -1
912 -1 -1
913 -1 -1
914 -1 -1
915 -1 -1
916 -1 -1
917 -1 -1
918 -1 -1
919 -1 -1
920 -1 -1
921 -1 -1
922 -1 -1
923 -1 -1
924 -1 -1
925 -1 -1
926 -1 -1
927 -1 -1
928 -1 -1
929 -1 -1
930 -1 -1
931 -1 -1
932 -1 -1
933 -1 -1
934 -1 -1
935 -1 -1
936 -1 -1
937 -1 -1
938 -1 -1
939 -1 -1
940 -1 -1
941 -1 -1
942 -1 -1
943 -1 -1
944 -1 -1
945 -1 -1
946 -1 -1
947 -1 -1
948 -1 -1
949 -1 -1
950 -1 -1
951 -1 -1
952 -1 -1
953 -1 -1
954 -1 -1
955 -1 -1
956 -1 -1
957 -1 -1
958 -1 -1
959 -1 -1
960 -1 -1
961 -1 -1
962 -1 -1
963 -1 -1
964 -1 -1
965 -1 -1
966 -1 -1
967 -1 -1
968 -1 -1
969 -1 -1
970 -1 -1
971 -1 -1
972 -1 -1
973 -1 -1
974 -1 -1
975 -1 -1
976 -1 -1
977 -1 -1
978 -1 -1
979 -1 -1
980 -1 -1
981 -1 -1
982 -1 -1
983 -1 -1
984 -1 -1
985 -1 -1
986 -1 -1
987 -1 -1
988 -1 -1
989 -1 -1
990 -1 -1
991 -1 -1
992 -1 -1
993 -1 -1
994 -1 -1
995 -1 -1
996 -1 -1
997 -1 -1
998 -1 -1
999 -1 -1
1000 -1 -1
1001 -1 -1
1002 -1 -1
1003 -1 -1
1004 -1 -1
1005 -1 -1
1006 -1 -1
1007 -1 -1
1008 -1 -1
1009 -1 -1
1010 -1 -1
1011 -1 -1
1012 -1 -1
1013 -1 -1
1014 -1 -1
1015 -1 -1
1016 -1 -1
1017 -1 -1
1018 -1 -1
1019 -1 -1
1020 -1 -1
1021 -1 -1
1022 -1 -1
1023 -1 -1
1024 -1 -1
1025 -1 -1
1026 -1 -1
1027 -1 -1
1028 -1 -1
1029 -1 -1
1030 -1 -1
1031 -1 -1
1032 -1 -1
1033 -1 -1
1034 -1 -1
1035 -1 -1
